0.0,0.0
1.016,207.9838728880753
2.038,221.17332138928958
3.067,222.8956157382239
4.089,227.75270212813595
5.114,200.53987611072878
6.137,201.11832846041298
7.056,142.41368516557645
8.074,72.08823801124313
9.106,76.23703734175263
10.133,78.98133765112485
11.094,50.99652313693437
12.1,49.948371181594545
13.201,42.01360887335779
14.127,36.33111014719454
15.148,31.983766240145805
16.173,33.4883912046911
17.196,32.084322323058935
18.221,29.992614035666694
19.245,31.125123339578312
20.269,29.261436622982387
21.191,25.273808950810746
22.214,24.82430715475125
23.237,28.82840264924866
24.267,32.751113130075154
25.388,33.75524263381227
26.312,33.937869326306924
27.236,29.423595450729586
28.256,28.291891584022427
29.28,25.448374109900342
30.303,29.56337321616368
31.327,29.573978421959758
32.268,29.362157608012673
33.273,28.68157427609279
34.296,24.57808609174316
35.323,26.2863553691108
36.345,25.646365520347114
37.37,28.276181049523256
38.308,28.20072963996307
39.526,26.18433036473509
40.404,25.922848290908576
41.362,25.226745542241503
42.387,24.98941562083815
43.41,28.17784183186704
44.435,27.656128405655007
45.458,27.98014082143021
46.381,32.36452511705884
47.405,32.54636032518598
48.427,28.48722730042749
49.454,23.70081054932068
50.477,25.78135729692548
51.507,29.72891267534643
52.525,36.328839773440215
53.446,36.59202467920959
54.471,35.32976726366358
55.495,27.20340747172242
56.516,29.709029545777245
57.543,40.933849169644795
58.566,38.585236211193575
59.591,32.83969221091742
60.49,29.277130620969984
61.536,26.660879013653332
62.516,28.51447452472182
63.582,28.426078747129743
64.608,28.316073600870176
65.627,28.773256522133675
66.554,29.552538555837053
67.576,35.602093672027635
68.603,33.51491092128417
69.625,28.87526730621215
70.651,26.534297127427813
71.63,25.377370000435782
72.697,26.230225564251406
73.618,26.077043808969556
74.646,34.924535443579906
75.667,34.06236565696091
76.692,30.263058672304727
77.714,27.18230487003554
78.739,27.086417727388028
79.661,28.842417563948064
80.684,30.87587262628699
81.709,28.009800380190576
82.733,26.231570829571957
83.761,26.12281217366336
84.781,27.626288465082265
85.701,24.918636681860363
86.728,27.264585873999273
87.751,27.34169529499132
88.773,28.040987990890965
89.796,23.480261949976263
90.726,23.664265957906277
91.744,34.694886863349176
92.768,40.24208319335808
93.791,40.472613346142175
94.832,37.19539622856009
95.841,39.455469545196756
96.863,27.65567362188405
97.785,23.813649837408093
98.806,19.669970014103438
99.834,25.429480260372948
100.857,24.996783666833643
101.882,27.657557827397817
102.901,28.821755386173987
103.925,28.865292399706128
104.959,38.85404858232371
105.874,108.40451208721923
106.899,61.057193223195014
107.923,16.14548623993428
108.946,-7.124545373579349
109.869,-2.0729776246487845
110.894,6.812762332057779
111.918,14.817588249188836
112.939,18.929479857701885
113.963,19.072568023269405
114.986,23.428591182788878
115.91,26.856474979751138
116.934,34.437243919918686
117.959,38.14359878546173
118.984,32.82372843631163
120.008,26.82365624599314
120.929,25.57243043418584
121.952,27.369557449544725
122.976,25.45977617894318
123.998,24.684625231804418
125.024,24.629627217730015
126.048,26.972629967799108
127.072,26.471993471128666
128.096,26.07455766217143
129.017,26.275585858709384
130.042,24.928772461735157
131.065,30.844815465095262
132.09,35.62541990604486
133.112,34.83145009136524
134.139,34.84830604358495
135.058,27.91947120607209
136.083,25.272400960566422
137.106,21.958196986331473
138.132,19.30839887346378
139.157,21.892378173319827
140.077,21.88223880677379
141.1,25.67754197609246
142.126,31.046538263201438
143.149,38.70988328850495
144.113,39.16967551854787
145.13,32.182993158565765
146.22,26.988774649496985
147.224,25.027210540416654
148.166,25.4262723414832
149.604,33.750298384886406
150.214,38.14764677707666
151.225,0.0
152.262,0.0
153.286,-255.0
154.206,-255.0
155.231,-247.3633797322367
156.255,-249.082754482319
157.278,-227.54239218494683
158.304,-229.5194896051126
159.239,-226.1771295377143
160.352,-225.31205648783262
161.273,-221.3143113127885
162.297,-218.26330932536055
163.261,-217.00787104090546
164.343,-213.07034399664224
165.28,-217.51603235133695
166.29,-222.32299386359534
167.315,-224.39014126410257
168.306,-223.32270328462118
169.361,-204.13189211408695
170.41,-205.6332801831048
171.413,-164.76289961350068
172.338,-135.59609279366435
173.356,-119.6281635399089
174.381,-106.73609589369771
175.403,-107.32567549136073
176.433,-95.48429763190575
177.455,-86.67668506520211
178.375,-76.46289221211669
179.399,-83.6063868751729
180.371,-76.63239938184917
181.381,-82.33419377533428
182.468,-71.78275078080702
183.392,-62.6231680241021
184.416,-56.02976733238701
185.441,-55.48092163918826
186.392,-50.55256520963761
187.49,-46.78621666870282
188.514,-41.87796369917865
189.435,-38.13873314678342
190.423,-37.21879966549919
191.48,-36.36790950255914
192.505,-36.54359906973124
193.454,-42.59320394323646
194.553,-40.85889134024422
195.577,-39.99458485049223
196.499,-45.35403263945834
197.524,-49.559558365012734
198.546,-43.593830435950046
199.569,-36.579393108638584
200.595,-41.81070195148661
201.524,-46.06343322586555
202.641,-41.610245180986624
203.566,-39.14611121630091
204.588,-39.682573146654455
205.611,-39.2294877825985
206.635,-40.91168463218554
207.66,-47.567597665631716
208.684,-57.54006139707731
209.708,-52.70561520035572
210.627,-44.21667154093543
211.654,-38.05474192852851
212.681,-31.914466040369852
213.702,-29.927921570091705
214.725,-32.56638165713096
215.749,-32.099971728106716
216.671,-27.473100920247457
217.697,-28.993741712870563
218.721,-29.5833611562375
219.743,-31.045800618338028
220.768,-40.477913442750946
221.792,-37.06686169474825
222.713,-37.43318082892679
223.737,-37.08714631972408
224.762,-35.15588860164131
225.784,-34.57498738458813
227.114,-34.62507419772906
227.834,-40.8495579604462
228.752,-38.16686404327506
229.778,-55.35042929039981
230.803,-54.07219346961794
231.826,-56.50564354111977
232.85,-43.48306134910374
233.874,-40.486573740173384
234.899,-34.21587840168849
235.845,-31.95923272778712
236.844,-31.452773136986266
237.868,-31.57070088255346
238.899,-29.10081062082612
239.918,-29.597274231268603
240.939,-31.890934606333264
241.861,-32.91397111658529
242.885,-30.682779509074706
243.91,-30.18026483512127
244.869,-26.123027506129045
245.958,-29.17156900191205
246.984,-28.911035524500196
247.903,-31.350633752095575
248.928,-30.03613700594581
249.953,-29.62486362639627
250.981,-29.811400954758575
252.0,-33.17495482408831
253.023,-32.50262657617452
253.947,-31.078481446206766
254.969,-37.359309845130454
255.994,-45.455581260291495
257.017,-45.71703204036118
258.041,-42.19112149009856
259.065,-34.43411630924368
259.987,-34.05067118633383
261.01,-30.99461494721286
262.035,-27.89883375411508
263.058,-25.06874057996179
264.083,-21.496514797696207
265.107,-23.07726105501645
266.027,-26.721756653677303
267.051,-26.518348515766217
268.075,-34.306764459115996
269.1,-40.59864969407872
270.131,-39.72577899806868
271.148,-37.4353802265264
272.077,-31.26662276679955
273.195,-25.874986795333555
274.118,-25.892111588922887
275.141,-25.09700368283685
276.167,-21.279247908862033
277.189,-20.726982854965804
278.214,-23.327704397759604
279.237,-26.29769532461326
280.159,-22.90009986571975
281.148,-25.02942993605039
282.208,-24.40538457812329
283.236,-23.54455459853794
284.258,-26.593240004789727
285.179,-23.08099843006392
286.202,-29.739349000107158
287.225,-29.902219895184658
288.249,-27.069541334561332
289.275,-3.9986194994995072
290.315,-18.56862083659184
291.32,-22.86676455972607
292.242,-31.460338542488714
293.266,-35.18591093676637
294.29,-32.28414277806375
295.315,-37.770699840094984
296.34,-34.64320278061919
297.362,-34.9805020744555
298.386,-34.98669195420222
299.307,-30.312411215693967
300.645,-23.70342132005728
