0.0,0.0
0.954,-5.50546003E8
1.98,-5.50545983E8
2.983,-5.50545988E8
3.993,-5.50545991E8
5.013,-5.50545995E8
6.002,-5.50545974E8
7.067,-5.50545976E8
8.01,-5.50545991E8
9.235,-5.50545978E8
10.156,-5.50545948E8
11.076,-5.50545995E8
12.043,-5.50545721E8
13.029,-5.50545987E8
14.073,-5.50545994E8
15.064,-5.5054597E8
16.065,-5.50545974E8
17.078,-5.50545862E8
18.095,-5.50545978E8
19.131,-5.50545169E8
20.299,-5.50545959E8
21.114,-5.50545997E8
22.122,-5.50545994E8
23.435,-5.50545989E8
24.173,-5.50545862E8
25.154,-5.50545968E8
26.136,-5.50545973E8
27.164,-5.50545991E8
28.183,-5.5054598E8
29.199,-5.50545991E8
30.19,-5.50545991E8
31.199,-5.50546002E8
32.206,-5.50545968E8
33.232,-5.50545982E8
34.431,-5.50545969E8
35.229,-5.5054598E8
36.244,-5.50545958E8
37.238,-5.50545716E8
38.419,-5.50545958E8
39.357,-5.50545996E8
40.267,-5.50545979E8
41.513,-5.50545822E8
42.41,-5.50545843E8
43.338,-5.50545968E8
44.302,-5.50545638E8
45.488,-5.50545986E8
46.41,-5.50545972E8
47.33,-5.50545966E8
48.551,-5.50545991E8
49.472,-5.50545943E8
50.404,-5.50545962E8
51.359,-5.50545962E8
52.357,-5.50545828E8
53.465,-5.50545981E8
54.393,-5.50545862E8
55.384,-5.50545808E8
56.551,-5.50545984E8
57.447,-5.50545971E8
58.41,-5.50545983E8
59.617,-5.50545997E8
60.542,-5.50545995E8
61.438,-5.50545897E8
62.43,-5.50545973E8
63.628,-5.50545981E8
64.532,-5.50545906E8
65.466,-5.50545945E8
66.468,-5.50545936E8
67.609,-5.50545858E8
68.525,-5.5054598E8
69.502,-5.50545966E8
70.51,-5.5054582E8
71.529,-5.50546003E8
72.528,-5.50545986E8
73.531,-5.50545802E8
74.684,-5.50545665E8
75.608,-5.50546006E8
76.55,-5.50545966E8
77.552,-5.50545947E8
78.546,-5.50545951E8
79.563,-5.50545979E8
80.562,-5.5054597E8
81.565,-5.50545978E8
82.589,-5.5054586E8
83.589,-5.50545973E8
84.582,-5.50545834E8
85.594,-5.5054583E8
86.588,-5.50545986E8
87.605,-5.50546E8
88.61,-5.50545887E8
89.627,-5.50545991E8
90.638,-5.50545985E8
91.648,-5.50545921E8
92.644,-5.50545971E8
93.653,-5.50545942E8
94.673,-5.50545986E8
95.648,-5.50545986E8
96.655,-5.50545962E8
97.686,-5.50545997E8
98.704,-5.50545997E8
99.688,-5.50546E8
100.723,-5.50545957E8
101.713,-5.50545987E8
102.751,-5.50545999E8
103.746,-5.50545988E8
104.759,-5.50545785E8
105.771,-5.50545986E8
106.781,-5.50545819E8
107.774,-5.50545958E8
108.802,-5.50545992E8
109.801,-5.50545982E8
110.81,-5.5054599E8
111.829,-5.50545947E8
112.843,-5.50545762E8
113.841,-5.50545959E8
114.885,-5.50546004E8
115.858,-5.50545999E8
116.864,-5.50545993E8
117.849,-5.50545948E8
118.871,-5.50545879E8
119.881,-5.50545919E8
120.89,-5.5054596E8
121.888,-5.50545955E8
122.891,-5.50545987E8
123.906,-5.50546006E8
124.925,-5.50545982E8
125.913,-5.50546006E8
126.935,-5.5054599E8
127.921,-5.50545876E8
128.948,-5.50545957E8
129.993,-5.50545874E8
130.958,-5.5054584E8
131.978,-5.50545987E8
132.976,-5.50545987E8
134.008,-5.50545985E8
135.008,-5.50545968E8
136.012,-5.50545868E8
137.033,-5.50545999E8
138.093,-5.50545969E8
139.079,-5.50546006E8
140.14,-5.50546007E8
141.048,-5.50545976E8
142.072,-5.50545961E8
143.084,-5.50546005E8
144.096,-5.50545943E8
145.087,-5.50545988E8
146.109,-5.50545969E8
147.237,-5.50545933E8
148.218,-5.50545869E8
149.106,-5.5054585E8
150.123,-5.50545958E8
151.126,0.0
152.131,0.0
153.127,0.0
154.237,-5.50545967E8
155.153,-5.50545948E8
156.15,-5.50545973E8
157.153,-5.50545989E8
158.167,-5.50545977E8
159.158,-5.50545938E8
160.371,-5.50545943E8
161.291,-5.50545921E8
162.178,-5.50545956E8
163.185,-5.50545983E8
164.202,-5.50545972E8
165.218,-5.50545957E8
166.236,-5.50545977E8
167.248,-5.50545946E8
168.252,-5.50545941E8
169.252,-5.50545931E8
170.272,-5.50545943E8
171.282,-5.50545968E8
172.274,-5.50545996E8
173.319,-5.50545959E8
174.323,-5.50545964E8
175.326,-5.50545959E8
176.328,-5.5054586E8
177.343,-5.50545904E8
178.366,-5.50545984E8
179.347,-5.50545958E8
180.377,-5.5054599E8
181.394,-5.50545991E8
182.383,-5.50545962E8
183.381,-5.50545917E8
184.393,-5.50545797E8
185.856,-5.50545868E8
186.536,-5.50545969E8
187.427,-5.50546001E8
188.438,-5.50545985E8
189.421,-5.50545948E8
190.446,-5.50545983E8
191.465,-5.50545777E8
192.635,-5.50545989E8
193.549,-5.50546008E8
194.475,-5.50545898E8
195.475,-5.50545855E8
196.498,-5.50544677E8
198.159,-5.50545883E8
198.655,-5.50545952E8
199.52,-5.50545975E8
200.498,-5.50545903E8
201.517,-5.50545981E8
202.537,-5.50545954E8
203.554,-5.50545979E8
204.552,-5.5054598E8
205.564,-5.50545953E8
206.561,-5.50545886E8
207.994,-5.50545676E8
208.609,-5.50545984E8
209.58,-5.50545945E8
210.572,-5.50545981E8
211.61,-5.50545977E8
212.593,-5.50545984E8
213.625,-5.50545954E8
214.634,-5.50545878E8
215.666,-5.50545981E8
216.655,-5.50545936E8
217.672,-5.50545969E8
218.693,-5.50545986E8
219.692,-5.50545973E8
220.676,-5.50545952E8
221.755,-5.50545905E8
222.719,-5.50545972E8
223.787,-5.50545976E8
224.849,-5.50545993E8
225.752,-5.50545951E8
226.767,-5.50545969E8
227.946,-5.50545989E8
228.882,-5.50545971E8
229.793,-5.50545969E8
230.788,-5.50545959E8
231.935,-5.50545907E8
232.922,-5.50545952E8
233.816,-5.50545988E8
234.841,-5.50545976E8
235.857,-5.50545953E8
236.861,-5.50545986E8
237.893,-5.50545982E8
238.881,-5.50545994E8
239.872,-5.50545966E8
240.875,-5.5054595E8
241.906,-5.50545987E8
242.929,-5.50545972E8
244.053,-5.50545946E8
244.937,-5.50545992E8
245.972,-5.50545996E8
246.961,-5.50545994E8
247.968,-5.50545974E8
248.964,-5.50545997E8
249.977,-5.50545985E8
250.971,-5.50545858E8
252.113,-5.50545995E8
252.992,-5.50545875E8
254.002,-5.50545988E8
255.027,-5.50546001E8
256.021,-5.50545978E8
257.05,-5.50545983E8
258.053,-5.50545975E8
259.115,-5.50545984E8
260.177,-5.50545984E8
261.063,-5.50545984E8
262.076,-5.50545966E8
263.09,-5.50545967E8
264.083,-5.50545987E8
265.104,-5.50545989E8
266.13,-5.50545996E8
267.112,-5.5054598E8
268.129,-5.50545979E8
269.139,-5.50545985E8
270.193,-5.50545875E8
271.209,-5.50545827E8
272.132,-5.50545903E8
273.161,-5.50545978E8
274.181,-5.50545986E8
275.194,-5.50545986E8
276.208,-5.50545965E8
277.209,-5.50545974E8
278.232,-5.50545792E8
279.27,-5.50545788E8
280.238,-5.5054585E8
281.246,-5.50545982E8
282.237,-5.50545774E8
283.258,-5.50545866E8
284.279,-5.50545987E8
285.261,-5.50545983E8
286.303,-5.50545863E8
287.339,-5.50545948E8
288.293,-5.50545979E8
289.318,-5.50545748E8
290.302,-5.5054598E8
291.299,-5.50545991E8
292.303,-5.50545961E8
293.398,-5.50545969E8
294.344,-5.5054598E8
295.366,-5.50545965E8
296.361,-5.50545971E8
297.38,-5.50545985E8
298.387,-5.50545984E8
299.404,-5.50545972E8
300.4,-5.50545982E8
301.404,-5.50545957E8
302.424,-5.50545982E8
303.407,-5.50545975E8
304.434,-5.50545987E8
305.43,-5.50545993E8
306.45,-5.50545981E8
307.451,0.0
308.459,0.0
309.454,0.0
310.438,0.0
311.439,0.0
312.43,0.0
313.65,0.0
314.448,0.0
315.462,0.0
316.472,0.0
317.489,0.0
318.504,0.0
319.5,0.0
320.495,0.0
