0.0,0.0
1.018,-2340912.0
2.028,-2340897.0
3.039,-2340898.0
4.051,-2340897.0
5.06,-2340898.0
6.069,-2340602.0
7.076,-2340898.0
8.089,-2340899.0
9.091,-2340898.0
10.101,-2340897.0
11.115,-2340913.0
12.127,-2340632.0
13.138,-2340649.0
14.138,-2340897.0
15.151,-2340896.0
16.159,-2340898.0
17.168,-2340898.0
18.174,-2340899.0
19.186,-2340913.0
20.204,-2340900.0
21.212,-2340899.0
22.22,-2340897.0
23.234,-2340898.0
24.248,-2340897.0
25.259,-2340898.0
26.273,-2340899.0
27.281,-2340899.0
28.293,-2340912.0
29.317,-2340896.0
30.347,-2340898.0
31.359,-2340912.0
32.362,-2340912.0
33.365,-2340898.0
34.367,-2340898.0
35.377,-2340913.0
36.389,-2340912.0
37.4,-2340912.0
38.401,-2340911.0
39.475,-2340908.0
40.425,-2340913.0
41.438,-2340569.0
42.441,-2340912.0
43.447,-2340912.0
44.45,-2340912.0
45.452,-2340912.0
46.456,-2340912.0
47.469,-2340912.0
48.482,-2340899.0
49.484,-2340911.0
50.491,-2340912.0
51.504,-2340911.0
52.506,-2340913.0
53.509,-2340911.0
54.513,-2340912.0
55.522,-2340913.0
56.534,-2340912.0
57.553,-2340903.0
58.554,-2340898.0
59.567,-2340911.0
60.58,-2340897.0
61.589,-2340897.0
62.595,-2340911.0
63.604,-2340911.0
64.606,-2340913.0
65.619,-2340912.0
66.627,-2340897.0
67.634,-2340911.0
68.642,-2340896.0
69.653,-2340897.0
70.66,-2340897.0
71.671,-2340819.0
72.676,-2340911.0
73.683,-2340898.0
74.692,-2340912.0
75.692,-2340912.0
76.696,-2340911.0
77.702,-2340911.0
78.711,-2340899.0
79.711,-2340897.0
80.735,-2340897.0
81.742,-2340911.0
82.759,-2340898.0
83.757,-2340911.0
84.764,-2340896.0
85.764,-2340911.0
86.846,-2340910.0
87.778,-2340898.0
88.784,-2340897.0
89.787,-2340911.0
90.803,-2340912.0
91.807,-2340911.0
92.813,-2340913.0
93.815,-2340911.0
94.817,-2340912.0
95.822,-2340899.0
96.832,-2340898.0
97.905,-2340902.0
99.5,-2340906.0
99.902,-2340889.0
100.866,-2340897.0
101.875,-2340886.0
102.878,-2340897.0
103.885,-2340911.0
104.897,-2340896.0
105.902,-2340912.0
106.904,-2340912.0
107.918,-2340912.0
108.919,-2340897.0
109.923,-2340898.0
110.929,-2340911.0
111.943,-2340896.0
112.954,-2340911.0
113.956,-2340913.0
114.97,-2340912.0
115.973,-2340912.0
116.987,-2340897.0
117.994,-2340898.0
118.999,-2340911.0
120.001,-2340912.0
121.008,-2340898.0
122.017,-2340911.0
123.02,-2340897.0
124.024,-2340912.0
125.031,-2340912.0
126.032,-2340912.0
127.039,-2340912.0
128.042,-2340898.0
129.05,-2340900.0
130.055,-2340897.0
131.055,-2340912.0
132.07,-2340583.0
133.08,-2340584.0
134.093,-2340910.0
135.097,-2340896.0
136.104,-2340911.0
137.108,-2340895.0
138.119,-2340896.0
139.119,-2340911.0
140.121,-2340910.0
141.126,-2340910.0
142.128,-2340911.0
143.132,-2340911.0
144.139,-2340896.0
145.15,-2340897.0
146.162,-2340910.0
147.172,-2340911.0
148.179,-2340896.0
149.186,-2340896.0
150.199,-2340897.0
151.21,0.0
152.215,-2340911.0
153.231,-2340897.0
154.235,-2340897.0
155.248,-2340910.0
156.261,-2340911.0
157.261,-2340910.0
158.272,-2340895.0
159.568,-2340878.0
160.284,-2340911.0
161.293,-2340910.0
162.293,-2340910.0
163.306,-2340910.0
164.311,-2340897.0
165.312,-2340895.0
166.328,-2340911.0
167.333,-2340912.0
168.341,-2340896.0
169.344,-2340910.0
170.349,-2340909.0
171.364,-2340910.0
172.366,-2340909.0
173.373,-2340911.0
174.377,-2340910.0
175.384,-2340898.0
176.397,-2340911.0
177.408,-2340897.0
178.417,-2340910.0
179.423,-2340895.0
180.436,-2340910.0
181.44,-2340911.0
182.454,-2340897.0
183.464,-2340896.0
184.481,-2340911.0
185.489,-2340909.0
186.49,-2340910.0
187.492,-2340895.0
188.497,-2340896.0
189.526,-2340894.0
190.537,-2340896.0
191.541,-2340911.0
192.557,-2340911.0
193.559,-2340910.0
194.559,-2340911.0
195.568,-2340911.0
196.573,-2340896.0
197.583,-2340910.0
198.592,-2340910.0
199.594,-2340910.0
200.596,-2340898.0
201.599,-2340910.0
202.603,-2340911.0
203.611,-2340897.0
204.621,-2340911.0
205.62,-2340909.0
206.634,-2340911.0
207.642,-2340910.0
208.648,-2340912.0
209.659,-2340895.0
210.667,-2340896.0
211.667,-2340895.0
212.67,-2340895.0
213.681,-2340909.0
214.69,-2340910.0
215.692,-2340910.0
216.704,-2340911.0
217.713,-2340912.0
218.728,-2340893.0
219.812,-2340897.0
220.746,-2340897.0
221.734,-2340909.0
222.74,-2340912.0
223.743,-2340911.0
224.754,-2340909.0
225.755,-2340910.0
226.759,-2340894.0
227.77,-2340912.0
228.776,-2340912.0
229.788,-2340897.0
230.793,-2340895.0
231.801,-2340910.0
232.803,-2340911.0
233.807,-2340910.0
234.821,-2340911.0
235.824,-2340909.0
236.832,-2340910.0
237.839,-2340910.0
238.84,-2340910.0
239.843,-2340910.0
240.856,-2340910.0
241.86,-2340910.0
242.871,-2340894.0
243.882,-2340909.0
244.896,-2340896.0
245.898,-2340896.0
246.896,-2340909.0
247.897,-2340910.0
248.897,-2340911.0
249.911,-2340896.0
250.915,-2340910.0
251.926,-2340910.0
252.935,-2340909.0
253.946,-2340909.0
254.954,-2340909.0
255.968,-2340895.0
256.967,-2340894.0
257.976,-2340879.0
258.981,-2340909.0
259.983,-2340910.0
260.988,-2340911.0
261.997,-2340910.0
263.004,-2340909.0
264.014,-2340909.0
265.014,-2340909.0
266.016,-2340910.0
267.023,-2340908.0
268.029,-2340896.0
269.043,-2340910.0
270.05,-2340910.0
271.053,-2340910.0
272.065,-2340910.0
273.076,-2340896.0
274.38,-2340892.0
275.223,-2340856.0
276.095,-2340897.0
277.096,-2340910.0
278.098,-2340909.0
279.762,-2340907.0
280.319,-2340871.0
281.394,-2340853.0
282.227,-2340868.0
283.116,-2340895.0
284.119,-2340894.0
285.123,-2340909.0
286.123,-2340910.0
287.133,-2340909.0
288.135,-2340909.0
289.147,-2340894.0
290.155,-2340909.0
291.167,-2340895.0
292.175,-2340909.0
293.177,-2340909.0
294.187,-2340909.0
295.202,-2340909.0
296.209,-2340895.0
297.213,-2340909.0
298.235,-2340902.0
299.241,-2340909.0
300.25,-2340910.0
301.251,-2340894.0
302.251,-2340893.0
303.257,-2340911.0
304.258,-2340895.0
305.263,-2340894.0
306.267,-2340909.0
307.27,0.0
308.283,0.0
