0.0,0.0
0.96,0.0
1.959,0.0
2.954,255.0
3.967,255.0
4.953,217.02384775864564
5.972,211.13360676957487
6.988,209.72836291114413
8.015,214.20684500556848
9.21,188.1728885298119
10.123,185.93256343496037
11.048,190.91581389328294
12.016,193.12390060400799
13.201,160.14516262539584
14.108,163.05203570547758
15.047,108.86441853186962
16.036,59.722466040432735
17.055,24.6370782916703
18.113,18.914134929744858
19.034,20.326838037889157
20.06,27.969639817904625
21.049,31.680150666143806
22.101,33.50794128021801
23.08,31.432950374565852
24.068,31.723377416848145
25.08,26.812459758418356
26.092,26.222992358563275
27.082,23.642950297810057
28.104,23.640674251494715
29.125,24.99840780183739
30.117,32.446460096091734
31.119,32.54610038961125
32.136,26.455813577218468
33.149,24.603728062448425
34.131,24.77453936697851
35.131,24.863459191648637
36.155,33.85492912768327
37.158,35.047686097410164
38.179,33.31546204302477
39.173,26.23918695546935
40.187,22.390216636948924
41.2,25.331000147475933
42.2,24.50389499199776
43.189,24.406126851810015
44.211,24.959569360707214
45.227,22.623934051352236
46.228,26.768210388325148
47.224,28.052782843232116
48.227,27.66699609065196
49.217,28.709297900124653
50.239,34.193024329933436
51.254,29.92628785756251
52.279,25.004072349180515
53.255,24.904325110574177
54.274,26.567246672203296
55.278,27.141175691961443
56.283,34.66130324562668
57.444,30.023486349826513
58.362,28.882824969319408
59.307,29.01880101216705
60.508,27.459538682932802
61.429,22.627179582182908
62.309,31.366283811230744
63.3,32.03121483127857
64.509,31.07176261706526
65.428,26.366253985898407
66.345,19.05964890195632
67.342,21.692282379057744
68.367,23.017484350676096
69.424,28.20113941036101
70.372,36.68963606153103
71.571,33.5661486330141
72.475,33.53617177587454
73.389,25.531106684618944
74.39,23.48777866614125
75.391,21.882986788535064
76.4,25.470427450996997
77.428,27.607555144133705
78.433,28.191386851362193
79.446,34.30144988352077
80.474,40.563109997052656
81.469,35.08363590603365
82.634,29.66619456638517
83.534,29.65173013898681
84.487,36.37199409208663
85.494,34.530797815879374
86.487,40.22280978643583
87.495,46.148821679936084
88.506,39.60403072030598
89.697,28.457394891990866
90.618,24.871662724030315
91.539,21.390482217702047
92.497,21.02426460154491
93.514,25.547041859048175
94.518,26.251265273831855
95.522,25.714250162171403
96.528,26.146931603015762
97.533,24.938948767146208
98.546,22.783366242351402
99.545,22.53898458478544
100.554,23.94007548009387
101.562,27.154727520428285
102.552,27.232582748401747
103.58,28.1850096513926
104.583,29.76569591002189
105.59,29.89202302319873
106.606,29.40266608267584
107.595,30.66121575396204
108.625,27.054388987965822
109.621,25.85309028633605
110.699,26.308057012668865
111.73,28.83809994388402
112.622,27.431966928854635
113.636,27.317317185678053
114.653,59.17568439105145
115.678,37.784431090542554
116.685,18.25587083746369
117.667,10.516905329503336
118.7,12.667873000154843
119.771,19.47597993472487
120.856,22.950606493990186
121.729,28.31271785192864
122.713,24.900590761717467
123.718,24.693422263213467
124.749,25.407198706119726
125.745,27.874354892514138
126.751,25.395932497816087
127.77,25.174308194291292
128.789,23.94310064507376
129.798,27.0923118786996
130.785,23.95539387385886
131.773,24.18301424838806
132.789,26.94118510951436
133.803,27.08819994729721
134.81,28.523245952956184
135.823,26.606083094700466
136.837,25.040836566743415
137.834,23.695978596353623
138.839,23.083196886224666
139.844,31.485791508927417
140.845,40.46774854932185
141.864,35.03778359211596
142.866,31.852265027810766
143.85,32.01596393476569
144.873,42.27673691023737
145.885,42.936339023854686
146.91,35.088030726162394
147.909,28.223958095613515
148.922,25.43982007697047
149.922,25.35460089775846
151.134,34.70907649108889
152.059,0.0
152.923,0.0
153.915,0.0
154.947,-246.96765828162918
155.943,-255.0
156.942,-229.41977599776894
157.957,-246.04295704196366
158.961,-237.09761418344792
159.996,-231.74550701337074
160.986,-226.20821017613488
161.993,-218.37430878075503
162.999,-212.27331408580955
163.988,-216.64897389971082
165.012,-216.13531269509173
166.03,-215.2039344915048
167.035,-213.969224200644
168.046,-209.44381554971434
169.083,-207.20237079112846
170.068,-216.90839674421395
171.111,-222.74825432639238
172.092,-215.69399675533455
173.105,-225.94893338632042
174.087,-230.42671660638874
175.122,-225.25585630431587
176.118,-218.35131093113628
177.123,-218.03809283774396
178.134,-216.90907321430697
179.154,-217.31451715183923
180.62,-219.80579908409263
181.249,-213.94495572855317
182.147,-212.44777846434522
183.167,-211.1337487997443
184.295,-213.67677570412036
185.231,-211.25652120791364
186.18,-205.7316523446599
187.381,-206.26697023642228
188.303,-193.78172897242945
189.227,-190.98654477377565
190.186,-177.88829812662735
191.381,-147.14029203482374
192.197,-125.91245275913147
193.202,-109.94048299029787
194.202,-109.11219881647293
195.22,-101.06253926346086
196.228,-103.2386609983423
197.249,-112.4015604568442
198.452,-104.90627821556458
199.259,-90.98379256842973
200.268,-79.50171618227422
201.277,-74.32728733057291
202.285,-82.78929295219609
203.285,-71.87839153255187
204.301,-69.85674444689343
205.305,-64.84068696829785
206.298,-60.04155916696259
207.312,-55.18931812128263
208.31,-59.569121503340284
209.324,-56.31354651376572
210.327,-51.207344099334264
211.348,-48.35376994636629
212.358,-68.9722934301448
213.332,-63.93603750304572
214.354,-62.020378329416516
215.368,-53.74121419769141
216.373,-54.96385615779579
217.521,-56.92841972523287
218.403,-50.035277235178846
219.417,-50.01964023724101
220.398,-44.53257932781933
221.408,-40.633126472647945
222.433,-47.9422872676018
223.42,-46.99588335820594
224.54,-45.50364702701716
225.476,-43.099536727032245
226.45,-39.79078348212667
227.628,-48.298666021184104
228.589,-44.237041057536466
229.483,-47.452606409845494
230.481,-49.286323615224006
231.474,-46.12990915926278
232.551,-42.33213736785836
233.5,-37.303021422123614
234.676,-35.96358610610463
235.615,-33.18892904852822
236.532,-34.79488341472831
237.552,-35.45241618413776
238.539,-31.067722987755758
239.561,-32.39995440075689
240.559,-28.631011578088682
241.769,-28.73209717234617
242.685,-29.790491293653538
243.577,-45.7425555764115
244.661,-45.66412564597128
245.64,-45.68133130291456
246.693,-42.78210105485331
247.625,-44.324210637514334
248.628,-40.95184880537509
249.624,-35.183160818042474
250.642,-33.64003927821935
251.638,-40.35283398801347
252.652,-39.47911107495798
253.695,-34.33870864026717
254.719,-33.380763171522986
255.667,-29.48858251311437
256.684,-28.949809368387783
257.687,-31.797610053434827
258.68,-31.682397827888977
259.696,-27.12027152116684
260.697,-24.09072337093795
261.709,-23.700122521187872
262.714,-27.094356608817257
263.873,-24.143524320975814
264.781,-23.11523981109513
265.742,-23.572666883504688
266.76,-28.113170310758598
267.759,-27.08149462526582
268.772,-21.9933232730161
269.772,-20.03500734077902
270.77,-22.27418986063347
271.791,-21.635081607415675
273.086,-21.258382161746812
273.834,-22.291002819266634
274.793,-21.722444221388447
275.825,-19.245300167737913
276.856,-18.91139299383311
277.844,-21.001598610146715
278.865,-22.951853749867198
279.874,-22.394287640866835
280.878,-21.27399540391793
281.882,-34.46512660805345
282.879,-36.813691448475616
283.885,-31.72426971545315
284.876,-31.15346099850279
285.902,-29.05397530909176
286.912,-25.371472780868267
287.931,-33.706804255372504
288.942,-32.43766842617148
289.934,-35.04942739237239
290.938,-32.00169454342223
291.928,-30.97061156239677
292.931,-25.71676466542124
293.94,-24.368210255561745
294.943,-24.001229761327053
295.954,-23.607891661117158
296.957,-19.68847987528843
297.949,-27.835593198268057
298.961,-39.04494445592324
299.977,-37.896976031797706
300.971,-40.36593453174129
301.986,-38.381418263242914
303.009,-36.36611786611189
304.028,-35.666200038258175
305.003,0.0
