0.0,0.0
1.005,-2340903.0
2.016,-2340903.0
3.033,-2340778.0
4.034,-2340904.0
5.037,-2340902.0
6.053,-2340904.0
7.066,-2340905.0
8.079,-2340904.0
9.086,-2340902.0
10.1,-2340902.0
11.102,-2340903.0
12.106,-2340904.0
13.11,-2340903.0
14.116,-2340902.0
15.119,-2340904.0
16.124,-2340904.0
17.139,-2340905.0
18.142,-2340905.0
19.152,-2340904.0
20.163,-2340904.0
21.173,-2340903.0
22.184,-2340904.0
23.197,-2340903.0
24.197,-2340903.0
25.201,-2340903.0
26.213,-2340903.0
27.213,-2340903.0
28.224,-2340905.0
29.236,-2340902.0
30.237,-2340902.0
31.241,-2340902.0
32.248,-2340903.0
33.261,-2340903.0
34.272,-2340903.0
35.279,-2340902.0
36.292,-2340903.0
37.298,-2340903.0
38.313,-2340903.0
39.323,-2340902.0
40.334,-2340903.0
41.346,-2340903.0
42.358,-2340903.0
43.365,-2340903.0
44.374,-2340902.0
45.394,-2340906.0
46.39,-2340902.0
47.398,-2340903.0
48.399,-2340902.0
49.411,-2340903.0
50.417,-2340903.0
51.43,-2340902.0
52.434,-2340901.0
53.447,-2340905.0
54.444,-2340902.0
55.452,-2340904.0
56.464,-2340903.0
57.469,-2340902.0
58.475,-2340901.0
59.479,-2340902.0
60.485,-2340902.0
61.5,-2340902.0
62.505,-2340902.0
63.506,-2340442.0
64.515,-2340755.0
65.522,-2340902.0
66.537,-2340902.0
67.542,-2340902.0
68.556,-2340902.0
69.564,-2340901.0
70.566,-2340900.0
71.577,-2340902.0
72.585,-2340903.0
73.591,-2340903.0
74.597,-2340903.0
75.605,-2340902.0
76.634,-2340903.0
77.644,-2340902.0
78.656,-2340902.0
79.668,-2340906.0
80.68,-2340903.0
81.682,-2340902.0
82.682,-2340901.0
83.685,-2340904.0
84.684,-2340902.0
85.686,-2340902.0
86.695,-2340902.0
87.695,-2340901.0
88.7,-2340902.0
89.711,-2340902.0
91.134,-2340903.0
91.739,-2340900.0
92.742,-2340504.0
93.751,-2340683.0
94.765,-2340698.0
95.77,-2340902.0
96.772,-2340902.0
97.786,-2340904.0
98.791,-2340901.0
99.791,-2340901.0
100.805,-2340903.0
101.819,-2340903.0
102.818,-2340901.0
103.83,-2340903.0
104.845,-2340904.0
105.858,-2340901.0
106.871,-2340901.0
107.874,-2340902.0
108.878,-2340901.0
109.893,-2340903.0
110.908,-2340903.0
111.91,-2340902.0
112.917,-2340903.0
113.92,-2340903.0
114.925,-2340903.0
115.949,-2340911.0
116.938,-2340901.0
117.945,-2340902.0
118.951,-2340901.0
119.957,-2340903.0
120.964,-2340903.0
121.963,-2340901.0
122.972,-2340901.0
123.981,-2340902.0
124.985,-2340902.0
126.001,-2340760.0
127.002,-2340761.0
128.012,-2340903.0
129.026,-2340903.0
130.028,-2340902.0
131.039,-2340902.0
132.056,-2340902.0
133.059,-2340903.0
134.058,-2340903.0
135.068,-2340903.0
136.075,-2340903.0
137.076,-2340903.0
138.091,-2340904.0
139.099,-2340902.0
140.106,-2340904.0
141.111,-2340901.0
142.119,-2340903.0
143.122,-2340902.0
144.139,-2340904.0
145.143,-2340903.0
146.157,-2340905.0
147.153,-2340901.0
148.167,-2340903.0
149.176,-2340902.0
150.188,-2340901.0
151.207,0.0
152.208,-2340903.0
153.213,-2340902.0
154.235,-2340905.0
155.216,-2340901.0
156.232,-2340903.0
157.243,-2340903.0
158.254,-2340901.0
159.255,-2340902.0
160.265,-2340902.0
161.276,-2340903.0
162.28,-2340904.0
163.291,-2340902.0
164.3,-2340902.0
165.305,-2340902.0
166.314,-2340905.0
167.325,-2340901.0
168.336,-2340902.0
169.35,-2340901.0
170.356,-2340900.0
171.367,-2340902.0
172.376,-2340902.0
173.392,-2340901.0
174.401,-2340902.0
175.414,-2340904.0
176.414,-2340903.0
177.423,-2340904.0
178.43,-2340901.0
179.434,-2340903.0
180.46,-2340902.0
181.466,-2340904.0
182.465,-2340902.0
183.472,-2340823.0
184.488,-2340428.0
185.497,-2340905.0
186.495,-2340901.0
187.497,-2340902.0
188.5,-2340901.0
189.505,-2340900.0
190.516,-2340902.0
191.515,-2340901.0
192.531,-2340901.0
193.533,-2340902.0
194.543,-2340901.0
195.545,-2340902.0
196.561,-2340902.0
197.571,-2340917.0
198.577,-2340905.0
199.587,-2340902.0
200.592,-2340902.0
201.591,-2340902.0
202.6,-2340901.0
203.603,-2340915.0
204.617,-2340901.0
205.623,-2340901.0
206.663,-2340914.0
207.635,-2340916.0
208.646,-2340901.0
209.653,-2340900.0
211.199,-2340901.0
211.877,-2340856.0
212.694,-2340906.0
213.701,-2340640.0
214.709,-2340649.0
215.739,-2340901.0
216.742,-2340901.0
217.749,-2340901.0
218.754,-2340901.0
219.769,-2340902.0
220.768,-2340900.0
221.775,-2340901.0
222.775,-2340901.0
223.78,-2340902.0
224.793,-2340900.0
225.809,-2340902.0
226.825,-2340903.0
227.823,-2340900.0
228.824,-2340899.0
229.831,-2340903.0
230.842,-2340901.0
231.842,-2340901.0
232.851,-2340901.0
233.857,-2340915.0
234.87,-2340901.0
235.873,-2340901.0
236.872,-2340915.0
237.874,-2340915.0
238.885,-2340901.0
239.895,-2340901.0
240.897,-2340902.0
241.911,-2340901.0
242.926,-2340598.0
243.941,-2340871.0
244.944,-2340871.0
245.957,-2340916.0
246.963,-2340901.0
247.964,-2340901.0
248.979,-2340901.0
249.979,-2340901.0
251.001,-2340903.0
251.999,-2340916.0
253.012,-2340901.0
254.021,-2340902.0
255.025,-2340901.0
256.031,-2340901.0
257.043,-2340901.0
258.059,-2340902.0
259.073,-2340901.0
260.086,-2340900.0
261.101,-2340902.0
262.124,-2340902.0
263.131,-2340901.0
264.132,-2340900.0
265.439,-2340913.0
266.267,-2340870.0
267.156,-2340916.0
268.165,-2340901.0
269.17,-2340901.0
270.185,-2340901.0
271.546,-2340812.0
272.29,-2340847.0
273.206,-2340900.0
274.22,-2340902.0
275.221,-2340916.0
276.224,-2340900.0
277.237,-2340900.0
278.238,-2340900.0
279.249,-2340902.0
280.259,-2340902.0
281.264,-2340901.0
282.273,-2340900.0
283.276,-2340901.0
284.291,-2340900.0
285.304,-2340916.0
286.312,-2340916.0
287.315,-2340900.0
288.331,-2340901.0
289.345,-2340900.0
290.348,-2340902.0
291.355,-2340901.0
292.369,-2340901.0
293.375,-2340901.0
294.377,-2340901.0
295.379,-2340900.0
296.385,-2340900.0
297.386,-2340899.0
298.391,-2340900.0
299.393,-2340916.0
300.396,-2340901.0
301.404,-2340901.0
302.405,-2340899.0
